"Iso"	"Species"	"IR"	"IRLSD"	"IRUSD"	"CR"	"CRLSD"	"CRUSD"	"GR"	"GRLSD"	"GRUSD"	"CC"	"CCLSD"	"CCUSD"	"HS"	"HSLSD"	"HSUSD"	"AF"	"AFLSD"	"AFUSD"	"GRM"	"GRMLSD"	"GRMUSD"	"CA"	"CALSD"	"CAUSD"	"CD"	"CDLSD"	"CDUSD"
"I2"	"Chlamydomonas noctigama"	0.1302	0	0.2747	0.0059	0	0.0125	1.2751	1.0914	1.4589	75820	72494	79147	0.0436	0	0.365	3.8005	2.6101	4.9908	0.1657	0.1138	0.2176	147.472	21.0942	273.8499	13.1789	9.4129	16.9448
"I3"	"Chlamydomonas noctigama"	0.0343	0	0.1007	0.0019	0	0.0056	1.395	1.2995	1.4904	85852	78476	93228	0.025	0	0.1188	12.792	10.884	14.7	0.3198	0.2721	0.3675	149.013	48.15	249.876	13.4452	10.4363	16.4541
"I4"	"Chlamydomonas noctigama"	0.022	0.0088	0.0353	0.0018	7e-04	0.0028	1.2448	1.1294	1.3602	146708	136737	156679	0.0083	0	0.2028	30.5542	21.9277	39.7229	0.2536	0.182	0.3297	153.054	10.1967	295.9114	13.3673	9.3309	17.4037
"I5"	"Chlamydomonas noctigama"	0.1266	0.0554	0.1978	0.0082	0.0038	0.0127	1.2676	1.1171	1.418	105202	88877	121526	0.0628	0	0.2932	1.6194	1.086	2.1529	0.1017	0.0682	0.1352	113.1703	0	229.5798	11.5108	8.0945	14.927
"I7"	"Chlamydomonas noctigama"	0.0771	0.027	0.1272	0.0073	0.0029	0.0116	1.2861	1.0891	1.483	79879	77382	82375	0.0062	0	0.0329	47.7581	39.6935	55.8226	0.2961	0.2461	0.3461	180.6841	72.1648	289.2034	14.7527	11.2126	18.2928
"I8"	"Chlamydomonas noctigama"	0.1973	0.1584	0.2362	0.0119	0.0096	0.0142	1.4404	1.3003	1.5805	40841	38288	43395	0.0192	0	0.1868	13.5625	11.3802	15.7448	0.2604	0.2185	0.3023	144.952	49.8416	240.0624	13.2345	10.1521	16.317
"I9"	"Chlamydomonas noctigama"	0.1046	0.0824	0.1269	0.0073	0.0057	0.0089	1.4622	1.1096	1.8148	159663	152138	167188	0.0156	0	0.2967	15.4487	13.4744	17.4231	0.241	0.2102	0.2718	240.8169	0	500.2163	16.2002	9.5415	22.8588
"I10"	"Chlamydomonas noctigama"	0.245	0.1312	0.3589	0.0081	0.0046	0.0115	1.4319	1.2386	1.6251	254249	218743	289755	0.0269	0	0.2321	13.2045	11.7955	14.6134	0.3552	0.3173	0.3931	106.2938	61.2642	151.3234	11.4915	9.6609	13.3222
"I11"	"Chlamydomonas noctigama"	0.1425	0.0375	0.2474	0.0068	0.0019	0.0117	1.6602	1.4888	1.8315	134248	120896	147600	0.011	0	0.1204	24.0727	21.2818	28.0636	0.2648	0.2341	0.3087	142.6543	48.1194	237.1892	13.1408	10.1333	16.1484
"I13"	"Chlamydomonas noctigama"	0.0989	0.0057	0.1921	0.0065	5e-04	0.0125	1.3366	1.105	1.5681	128527	122958	134095	0.0754	0	0.1517	1.5199	0.6088	2.6538	0.1146	0.0459	0.2001	193.8767	0	431.3384	14.4738	8.3506	20.597
"I14"	"Chlamydomonas noctigama"	0.2873	0.1535	0.421	0.0069	0.0041	0.0097	1.3238	1.1577	1.4899	289577	264659	314495	0.0238	0	0.094	19.1471	17.8067	20.4874	0.4557	0.4238	0.4876	159.483	4.1354	314.8306	13.5166	8.9923	18.0409
"I15"	"Chlamydomonas noctigama"	0.1466	0.0711	0.222	0.0057	0.0029	0.0085	1.4586	1.3285	1.5886	48496	46922	50070	0.0134	0	0.0586	13.9552	12.2239	15.6866	0.187	0.1638	0.2102	144.7363	22.7816	266.6909	13.0744	9.4082	16.7406
"I16"	"Chlamydomonas noctigama"	0	0	0	0	0	0	1.2242	1.1246	1.3238	33286	30762	35810	0.0213	0	0.0716	12.3803	9.5352	15.2254	0.2637	0.2031	0.3243	140.5304	67.208	213.8527	13.1468	10.6605	15.6331
"I17"	"Chlamydomonas noctigama"	0.0827	0	0.1676	0.0061	0	0.0123	1.2604	1.11	1.4108	185968	171427	200508	0.0137	0	0.2428	4.1898	2.6788	6.6788	0.0574	0.0367	0.0915	157.3629	87.9438	226.782	13.862	10.9793	16.7446
"I18"	"Chlamydomonas noctigama"	0	0	0	0	0	0	1.3184	1.0731	1.5636	30087	29125	31050	0.0086	0	0.0305	49.3721	44.1047	56.3372	0.4246	0.3793	0.4845	144.9033	86.6626	203.1439	13.3361	10.7401	15.9321
"I19"	"Chlamydomonas noctigama"	0.1649	0.0318	0.298	0.0106	0.0024	0.0188	1.4064	1.1734	1.6394	77748	70237	85259	0.014	0	0.2108	28.8071	26.1143	36.1071	0.4033	0.3656	0.5055	142.5936	36.0463	249.1409	13.0691	9.7753	16.3629
"I20"	"Chlamydomonas noctigama"	0.1016	0.0239	0.1792	0.0042	0.0012	0.0073	1.6041	1.3416	1.8666	76372	73180	79563	0.046	0	0.2529	6.363	5.3609	7.3652	0.2927	0.2466	0.3388	145.5307	35.5436	255.5178	13.1946	9.8339	16.5553
"I23"	"Chlamydomonas noctigama"	0.0804	0.0372	0.1237	0.0057	0.0027	0.0087	1.401	1.1856	1.6165	175768	168661	182875	0.0308	0	0.1738	9.6039	8.3604	10.8474	0.2958	0.2575	0.3341	142.408	84.562	200.2539	13.2778	11.0167	15.5389
"I24"	"Chlamydomonas noctigama"	0.0541	0.0178	0.0904	0.0037	0.0012	0.0061	1.4645	1.3342	1.5949	103777	102331	105223	0.0225	0	0.1665	10.9867	9.3467	12.6267	0.2472	0.2103	0.2841	137.0942	89.9156	184.2728	13.0571	11.0187	15.0955
"I25"	"Chlamydomonas noctigama"	0.0622	0.0216	0.1029	0.0038	0.0014	0.0062	1.3266	1.2865	1.3667	209533	198329	220738	0.044	0	0.2091	6.9818	6.2045	7.7591	0.3072	0.273	0.3414	145.2594	6.5422	283.9766	13.0033	9.0082	16.9984
"I26"	"Chlamydomonas noctigama"	0.0269	0	0.0645	0.0021	0	0.0051	1.3409	1.1938	1.488	36139	34496	37782	0.0439	0	0.173	4.4282	3.18	5.6765	0.1944	0.1396	0.2492	176.3757	16.8788	335.8725	14.3256	9.9138	18.7374
"I27"	"Chlamydomonas noctigama"	0.1236	0	0.2544	0.0054	0	0.0111	1.5114	1.264	1.7588	60878	59656	62100	0.2052	0.014	0.3964	1.2159	0.9937	1.4381	0.2495	0.2039	0.2951	143.0624	1.7509	284.3739	12.9203	9.0069	16.8336
"I28"	"Chlamydomonas noctigama"	0.0387	0	0.109	0.0029	0	0.0079	1.2894	1.2268	1.3521	64042	53143	74940	0.0742	0	0.2654	3.5108	2.9326	4.0889	0.2605	0.2176	0.3034	208.2784	35.6566	380.9002	15.5639	10.7583	20.3694
"I29"	"Chlamydomonas noctigama"	0.0436	0	0.1182	0.0043	0	0.0116	1.184	1.0182	1.3498	119536	113336	125735	0.0437	0.0152	0.0722	7.6545	6.1854	9.1236	0.3345	0.2703	0.3987	135.9804	75.9634	195.9975	12.8977	10.2759	15.5196
"I31"	"Chlamydomonas bilatus"	0.1162	0.0189	0.2134	0.006	0.0011	0.0109	1.3374	1.176	1.4988	239994	221059	258929	0.0103	0	0.0402	33.534	28.0971	38.9709	0.3454	0.2894	0.4014	129.8264	80.113	179.5399	12.6829	10.5546	14.8111
"I32"	"Chlamydomonas bilatus"	0.1553	0.0942	0.2163	0.0061	0.0036	0.0086	1.4545	1.2375	1.6714	127004	107759	146249	0.014	0	0.328	16.3071	13.3571	19.2571	0.2283	0.187	0.2696	241.1546	0.2658	482.0434	16.4654	10.4568	22.4739
"I33"	"Chlamydomonas bilatus"	0.1631	0.0601	0.2661	0.0087	0.0037	0.0137	1.6009	1.3561	1.8457	144875	126949	162800	0.0169	0	0.1906	15.0888	11.8521	18.3254	0.255	0.2003	0.3097	336.7604	14.3193	659.2014	19.2067	11.4538	26.9597
"I34"	"Chlamydomonas bilatus"	0.231	0.0592	0.4028	0.0087	0.0023	0.0151	1.4539	1.2821	1.6257	239080	235176	242983	0.0405	0	0.3394	4.963	3.916	6.0099	0.201	0.1586	0.2434	192.7882	100.1166	285.4597	15.3268	12.0587	18.5949
"I35"	"Chlamydomonas bilatus"	0.1082	0.0678	0.1485	0.0077	0.0048	0.0106	1.3258	1.2033	1.4483	292973	272796	313151	0.0419	0	0.134	6.7184	5.401	8.0358	0.2815	0.2263	0.3367	122.0225	67.9234	176.1216	12.2719	10.0707	14.473
"I36"	"Chlamydomonas bilatus"	0.2113	0.123	0.2996	0.0114	0.0069	0.0159	1.2626	1.1552	1.3701	155877	131465	180290	0.1904	0	0.4884	1.5368	1.1029	1.9706	0.2926	0.21	0.3752	221.323	127.9333	314.7128	16.4507	13.0868	19.8146
"I37"	"Chlamydomonas bilatus"	0.1774	0.0919	0.2629	0.0082	0.0049	0.0116	1.3644	1.1546	1.5743	111459	94489	128429	0.0221	0	0.4289	8.3801	6.7692	10.5023	0.1852	0.1496	0.2321	151.6116	82.3137	220.9096	13.6101	10.7989	16.4213
"I38"	"Chlamydomonas bilatus"	0.1325	0.0999	0.1651	0.0075	0.0058	0.0092	1.3508	1.1996	1.502	186819	167235	206403	0.0437	0	0.1318	7.6178	5.7895	9.4462	0.3329	0.253	0.4128	177.8271	63.7898	291.8643	14.5455	10.6774	18.4136
"I40"	"Chlamydomonas bilatus"	0.1049	0.0428	0.167	0.0061	0.0026	0.0095	1.2929	1.2272	1.3586	491046	473742	508351	0.0138	0	0.0536	17.7319	15.3768	20.087	0.2447	0.2122	0.2772	159.5632	53.2135	265.9128	13.8141	10.2873	17.3409
"I41"	"Chlamydomonas bilatus"	0.1787	0.06	0.2974	0.0087	0.0028	0.0146	1.1778	1.007	1.3485	198893	191232	206553	0.0198	0	0.1878	4.1465	2.9343	5.3586	0.0821	0.0581	0.1061	183.3058	100.3521	266.2596	14.9321	11.685	18.1793
"I42"	"Chlamydomonas bilatus"	0.0886	0.0262	0.1511	0.0039	0.0012	0.0066	1.4599	1.375	1.5448	201575	166554	236596	0.0118	0	0.1072	19.6949	16.678	22.7203	0.2324	0.1968	0.2681	215.754	129.537	301.971	16.2802	13.1495	19.411
"I43"	"Chlamydomonas bilatus"	0.1436	0.0218	0.2654	0.0055	9e-04	0.0102	1.5524	1.2084	1.8964	217102	199880	234323	0.0103	0	0.4574	16.7184	14.3204	20.1068	0.1722	0.1475	0.2071	142.5715	99.161	185.982	13.3391	11.4185	15.2597
"I44"	"Chlamydomonas bilatus"	0.1019	0.0639	0.1399	0.0061	0.004	0.0081	1.4949	1.3992	1.5905	268769	256548	280991	0.0297	0	0.1178	10.7407	8.8653	12.6162	0.319	0.2633	0.3747	234.2028	97.0106	371.3949	16.8745	13.1866	20.5625
"I45"	"Chlamydomonas bilatus"	0.0942	0.0744	0.1139	0.0041	0.0032	0.005	1.446	1.227	1.6651	189710	185911	193508	0.0678	0	0.2946	2.326	1.5531	3.1091	0.1577	0.1053	0.2108	191.3499	99.9715	282.7282	15.2864	12.1103	18.4624
"I46"	"Chlamydomonas bilatus"	0.1052	0.0749	0.1356	0.0051	0.0037	0.0065	1.3863	1.2593	1.5133	108060	101647	114472	0.2422	0	0.5508	0.431	0.3328	0.5293	0.1044	0.0806	0.1282	182.7267	45.2829	320.1704	14.6165	10.2423	18.9907
"I47"	"Chlamydomonas bilatus"	0.111	0.0178	0.2042	0.0043	7e-04	0.0078	1.3725	1.1756	1.5695	232514	169810	295219	0.1232	0	0.4723	0.6631	0.5057	0.8328	0.0817	0.0623	0.1026	127.54	72.9611	182.1188	12.5057	10.04	14.9714
"I48"	"Chlamydomonas bilatus"	0.1568	0.0961	0.2174	0.0068	0.004	0.0096	1.3764	1.2549	1.4978	276067	259278	292856	0.0124	0	0.7185	20.121	15.1452	25.879	0.2495	0.1878	0.3209	257.7754	134.642	380.9089	17.7556	14.1338	21.3774
"I49"	"Chlamydomonas bilatus"	0.1144	0.0897	0.1392	0.0044	0.0034	0.0053	1.2833	1.1545	1.4121	266588	243499	289676	0.0161	0	0.3481	19.3168	15.6646	22.9689	0.311	0.2522	0.3698	167.3366	72.2046	262.4687	14.2839	11.261	17.3069
"I50"	"Chlamydomonas bilatus"	0.0564	0	0.1144	0.0029	0	0.006	1.2428	1.1101	1.3755	143699	123088	164309	0.0021	7e-04	0.0035	123.2381	108.2857	138.1905	0.2588	0.2274	0.2902	177.173	31.2859	323.0601	14.5232	10.6792	18.3673
"I51"	"Chlamydomonas bilatus"	0.1343	0.0403	0.2282	0.0064	0.0019	0.0108	1.2684	1.0442	1.4926	218956	204567	233346	0.0198	0	0.3454	10.3434	8.7475	11.9394	0.2048	0.1732	0.2364	178.6507	90.6013	266.7001	14.6921	11.268	18.1162
"I52"	"Chlamydomonas bilatus"	0.1103	0.0292	0.1915	0.0054	0.0015	0.0093	1.5264	1.3735	1.6792	246754	206066	287442	0.0221	0	0.2607	8.8597	6.0633	11.8235	0.1958	0.134	0.2613	170.5975	52.5335	288.6615	14.3488	10.9673	17.7304
"I53"	"Chlamydomonas bilatus"	0.1557	0.0704	0.2409	0.0076	0.0033	0.0119	1.4924	1.2185	1.7663	125006	104679	145332	0.0627	0	0.2247	2.1435	1.6316	2.6555	0.1344	0.1023	0.1665	138.702	90.6488	186.7552	13.1227	11.0048	15.2406
"I54"	"Chlamydomonas bilatus"	0.1717	0.0183	0.3251	0.0068	7e-04	0.0129	1.4349	1.2322	1.6376	187290	173931	200648	0.0116	0	0.0444	32.5431	27.8793	37.2069	0.3775	0.3234	0.4316	146.7523	86.6872	206.8173	13.3948	10.6514	16.1382
"I57"	"Chlamydomonas bilatus"	0.1172	0.0932	0.1412	0.007	0.0057	0.0083	1.5365	1.4334	1.6395	103839	93890	113788	0.1181	0	0.2808	0.7671	0.4445	1.177	0.0906	0.0525	0.139	225.8578	149.6206	302.0949	16.7351	13.9685	19.5017
"I58"	"Chlamydomonas bilatus"	0.1735	0.1478	0.1992	0.0095	0.0084	0.0105	1.4046	1.2765	1.5327	170869	164595	177142	0.104	0	0.2936	1.5548	1.2087	1.9577	0.1617	0.1257	0.2036	80.1882	30.8112	129.5653	9.8325	7.4927	12.1722
