"Iso"	"Species"	"HS"	"HSLSD"	"HSUSD"	"AF"	"AFLSD"	"AFUSD"	"GRM"	"GRMLSD"	"GRMUSD"
"I2"	"Chlamydomonas noctigama"	0.0436	0	0.365	3.8005	2.6101	4.9908	0.1657	0.1138	0.2176
"I3"	"Chlamydomonas noctigama"	0.025	0	0.1188	12.792	10.884	14.7	0.3198	0.2721	0.3675
"I4"	"Chlamydomonas noctigama"	0.0083	0	0.2028	30.5542	21.9277	39.7229	0.2536	0.182	0.3297
"I5"	"Chlamydomonas noctigama"	0.0628	0	0.2932	1.6194	1.086	2.1529	0.1017	0.0682	0.1352
"I7"	"Chlamydomonas noctigama"	0.0062	0	0.0329	47.7581	39.6935	55.8226	0.2961	0.2461	0.3461
"I8"	"Chlamydomonas noctigama"	0.0192	0	0.1868	13.5625	11.3802	15.7448	0.2604	0.2185	0.3023
"I9"	"Chlamydomonas noctigama"	0.0156	0	0.2967	15.4487	13.4744	17.4231	0.241	0.2102	0.2718
"I10"	"Chlamydomonas noctigama"	0.0269	0	0.2321	13.2045	11.7955	14.6134	0.3552	0.3173	0.3931
"I11"	"Chlamydomonas noctigama"	0.011	0	0.1204	24.0727	21.2818	28.0636	0.2648	0.2341	0.3087
"I13"	"Chlamydomonas noctigama"	0.0754	0	0.1517	1.5199	0.6088	2.6538	0.1146	0.0459	0.2001
"I14"	"Chlamydomonas noctigama"	0.0238	0	0.094	19.1471	17.8067	20.4874	0.4557	0.4238	0.4876
"I15"	"Chlamydomonas noctigama"	0.0134	0	0.0586	13.9552	12.2239	15.6866	0.187	0.1638	0.2102
"I16"	"Chlamydomonas noctigama"	0.0213	0	0.0716	12.3803	9.5352	15.2254	0.2637	0.2031	0.3243
"I17"	"Chlamydomonas noctigama"	0.0137	0	0.2428	4.1898	2.6788	6.6788	0.0574	0.0367	0.0915
"I18"	"Chlamydomonas noctigama"	0.0086	0	0.0305	49.3721	44.1047	56.3372	0.4246	0.3793	0.4845
"I19"	"Chlamydomonas noctigama"	0.014	0	0.2108	28.8071	26.1143	36.1071	0.4033	0.3656	0.5055
"I20"	"Chlamydomonas noctigama"	0.046	0	0.2529	6.363	5.3609	7.3652	0.2927	0.2466	0.3388
"I23"	"Chlamydomonas noctigama"	0.0308	0	0.1738	9.6039	8.3604	10.8474	0.2958	0.2575	0.3341
"I24"	"Chlamydomonas noctigama"	0.0225	0	0.1665	10.9867	9.3467	12.6267	0.2472	0.2103	0.2841
"I25"	"Chlamydomonas noctigama"	0.044	0	0.2091	6.9818	6.2045	7.7591	0.3072	0.273	0.3414
"I26"	"Chlamydomonas noctigama"	0.0439	0	0.173	4.4282	3.18	5.6765	0.1944	0.1396	0.2492
"I27"	"Chlamydomonas noctigama"	0.2052	0.014	0.3964	1.2159	0.9937	1.4381	0.2495	0.2039	0.2951
"I28"	"Chlamydomonas noctigama"	0.0742	0	0.2654	3.5108	2.9326	4.0889	0.2605	0.2176	0.3034
"I29"	"Chlamydomonas noctigama"	0.0437	0.0152	0.0722	7.6545	6.1854	9.1236	0.3345	0.2703	0.3987
"I31"	"Chlamydomonas bilatus"	0.0103	0	0.0402	33.534	28.0971	38.9709	0.3454	0.2894	0.4014
"I32"	"Chlamydomonas bilatus"	0.014	0	0.328	16.3071	13.3571	19.2571	0.2283	0.187	0.2696
"I33"	"Chlamydomonas bilatus"	0.0169	0	0.1906	15.0888	11.8521	18.3254	0.255	0.2003	0.3097
"I34"	"Chlamydomonas bilatus"	0.0405	0	0.3394	4.963	3.916	6.0099	0.201	0.1586	0.2434
"I35"	"Chlamydomonas bilatus"	0.0419	0	0.134	6.7184	5.401	8.0358	0.2815	0.2263	0.3367
"I36"	"Chlamydomonas bilatus"	0.1904	0	0.4884	1.5368	1.1029	1.9706	0.2926	0.21	0.3752
"I37"	"Chlamydomonas bilatus"	0.0221	0	0.4289	8.3801	6.7692	10.5023	0.1852	0.1496	0.2321
"I38"	"Chlamydomonas bilatus"	0.0437	0	0.1318	7.6178	5.7895	9.4462	0.3329	0.253	0.4128
"I40"	"Chlamydomonas bilatus"	0.0138	0	0.0536	17.7319	15.3768	20.087	0.2447	0.2122	0.2772
"I41"	"Chlamydomonas bilatus"	0.0198	0	0.1878	4.1465	2.9343	5.3586	0.0821	0.0581	0.1061
"I42"	"Chlamydomonas bilatus"	0.0118	0	0.1072	19.6949	16.678	22.7203	0.2324	0.1968	0.2681
"I43"	"Chlamydomonas bilatus"	0.0103	0	0.4574	16.7184	14.3204	20.1068	0.1722	0.1475	0.2071
"I44"	"Chlamydomonas bilatus"	0.0297	0	0.1178	10.7407	8.8653	12.6162	0.319	0.2633	0.3747
"I45"	"Chlamydomonas bilatus"	0.0678	0	0.2946	2.326	1.5531	3.1091	0.1577	0.1053	0.2108
"I46"	"Chlamydomonas bilatus"	0.2422	0	0.5508	0.431	0.3328	0.5293	0.1044	0.0806	0.1282
"I47"	"Chlamydomonas bilatus"	0.1232	0	0.4723	0.6631	0.5057	0.8328	0.0817	0.0623	0.1026
"I48"	"Chlamydomonas bilatus"	0.0124	0	0.7185	20.121	15.1452	25.879	0.2495	0.1878	0.3209
"I49"	"Chlamydomonas bilatus"	0.0161	0	0.3481	19.3168	15.6646	22.9689	0.311	0.2522	0.3698
"I50"	"Chlamydomonas bilatus"	0.0021	7e-04	0.0035	123.2381	108.2857	138.1905	0.2588	0.2274	0.2902
"I51"	"Chlamydomonas bilatus"	0.0198	0	0.3454	10.3434	8.7475	11.9394	0.2048	0.1732	0.2364
"I52"	"Chlamydomonas bilatus"	0.0221	0	0.2607	8.8597	6.0633	11.8235	0.1958	0.134	0.2613
"I53"	"Chlamydomonas bilatus"	0.0627	0	0.2247	2.1435	1.6316	2.6555	0.1344	0.1023	0.1665
"I54"	"Chlamydomonas bilatus"	0.0116	0	0.0444	32.5431	27.8793	37.2069	0.3775	0.3234	0.4316
"I57"	"Chlamydomonas bilatus"	0.1181	0	0.2808	0.7671	0.4445	1.177	0.0906	0.0525	0.139
"I58"	"Chlamydomonas bilatus"	0.104	0	0.2936	1.5548	1.2087	1.9577	0.1617	0.1257	0.2036
